80 632
 1 2 295
 1 12 300
 1 14 298
 1 15 300
 1 17 297
 1 18 299
 1 19 293
 1 21 187
 1 26 202
 1 32 197
 1 33 197
 1 43 196
 1 47 196
 1 48 211
 1 49 201
 1 53 198
 1 59 193
 1 60 206
 1 61 201
 1 62 199
 1 64 193
 1 70 203
 1 76 201
 2 3 305
 2 6 305
 2 11 293
 2 15 295
 2 16 304
 2 31 211
 2 37 207
 2 42 204
 2 45 195
 2 51 200
 2 52 201
 2 56 199
 2 58 204
 2 71 197
 3 17 298
 3 19 299
 3 23 199
 3 24 202
 3 26 196
 3 29 199
 3 34 188
 3 48 202
 3 59 194
 3 67 199
 4 22 204
 4 26 201
 4 27 206
 4 28 197
 4 30 197
 4 31 203
 4 32 202
 4 33 199
 4 34 209
 4 38 201
 4 39 201
 4 54 197
 4 57 206
 4 70 196
 4 79 200
 5 10 303
 5 11 298
 5 14 301
 5 15 310
 5 16 291
 5 20 302
 5 27 201
 5 33 199
 5 37 200
 5 46 194
 5 51 196
 5 59 192
 5 62 198
 5 64 195
 5 67 189
 5 68 205
 5 72 206
 5 73 195
 5 75 193
 6 12 304
 6 15 298
 6 20 292
 6 24 191
 6 35 203
 6 37 196
 6 45 201
 6 52 192
 6 54 197
 6 63 195
 6 65 188
 6 67 190
 6 71 203
 6 72 207
 6 77 216
 6 80 195
 7 17 296
 7 19 305
 7 28 193
 7 30 197
 7 31 196
 7 34 193
 7 41 198
 7 45 204
 7 52 197
 7 54 198
 7 55 196
 7 66 193
 7 73 202
 7 74 195
 7 77 203
 7 79 201
 7 80 206
 8 10 298
 8 17 310
 8 21 197
 8 22 199
 8 31 203
 8 50 209
 8 52 206
 8 57 197
 8 65 205
 8 72 206
 8 73 203
 8 75 194
 9 10 305
 9 14 302
 9 21 202
 9 25 189
 9 36 198
 9 40 192
 9 42 196
 9 46 204
 9 54 190
 9 55 209
 9 56 188
 9 60 202
 9 74 209
 9 78 200
 10 11 294
 10 13 297
 10 22 197
 10 23 190
 10 24 200
 10 27 199
 10 33 203
 10 34 196
 10 38 206
 10 39 205
 10 48 195
 10 51 198
 10 55 209
 10 57 195
 10 59 196
 10 60 198
 10 66 200
 10 68 204
 10 71 189
 11 16 301
 11 24 193
 11 29 194
 11 34 199
 11 36 198
 11 43 203
 11 51 197
 11 53 201
 11 66 200
 11 74 198
 11 75 198
 11 76 204
 11 80 204
 12 13 299
 12 14 300
 12 20 292
 12 23 199
 12 25 198
 12 28 203
 12 45 194
 12 47 196
 12 49 201
 12 50 193
 12 51 191
 12 52 198
 12 54 203
 12 60 191
 12 61 203
 12 68 192
 12 73 198
 12 76 200
 13 17 295
 13 18 294
 13 19 303
 13 21 199
 13 30 202
 13 37 198
 13 39 209
 13 41 202
 13 46 200
 13 48 207
 13 56 198
 13 62 203
 13 67 204
 14 16 293
 14 18 302
 14 21 198
 14 25 207
 14 26 205
 14 37 199
 14 43 203
 14 54 195
 14 57 206
 14 61 202
 14 62 199
 14 63 199
 14 64 198
 14 66 198
 14 74 206
 14 75 199
 15 17 293
 15 23 197
 15 24 204
 15 32 188
 15 42 200
 15 44 192
 15 49 202
 15 62 203
 15 65 200
 15 71 200
 15 73 203
 15 74 202
 15 75 198
 15 77 204
 16 21 201
 16 25 204
 16 26 206
 16 27 202
 16 31 201
 16 39 203
 16 40 199
 16 46 200
 16 51 199
 16 53 205
 16 54 206
 16 64 205
 16 66 207
 16 68 199
 16 71 198
 17 19 299
 17 29 206
 17 30 200
 17 32 197
 17 62 200
 17 66 199
 18 20 301
 18 23 200
 18 25 200
 18 29 204
 18 32 205
 18 34 204
 18 35 190
 18 37 201
 18 38 201
 18 41 199
 18 47 200
 18 54 202
 18 56 188
 18 60 202
 18 63 198
 18 65 200
 18 67 200
 18 73 201
 18 75 204
 18 76 203
 18 78 196
 19 25 205
 19 46 194
 19 49 202
 19 54 191
 19 55 199
 19 56 191
 19 66 197
 19 68 206
 19 71 194
 19 72 201
 19 80 200
 20 31 198
 20 33 195
 20 35 204
 20 39 196
 20 42 205
 20 47 204
 20 48 197
 20 51 198
 20 53 204
 20 63 193
 20 64 201
 21 33 98
 21 34 109
 21 40 108
 21 45 97
 21 62 107
 21 64 107
 21 74 93
 21 76 104
 21 78 98
 21 80 98
 22 38 100
 22 44 90
 22 45 103
 22 51 99
 22 56 94
 22 57 90
 22 59 96
 22 60 100
 22 61 102
 22 65 91
 22 69 104
 22 74 104
 23 27 98
 23 31 103
 23 39 102
 23 40 104
 23 45 98
 23 49 102
 23 54 100
 23 56 101
 23 62 104
 23 64 106
 23 65 102
 23 74 102
 23 75 96
 23 76 103
 23 80 106
 24 26 98
 24 29 93
 24 34 101
 24 36 95
 24 39 97
 24 45 102
 24 47 103
 24 50 93
 24 54 96
 24 55 94
 24 57 95
 24 64 97
 24 66 108
 24 70 102
 24 72 98
 24 74 101
 25 28 97
 25 33 100
 25 44 109
 25 45 100
 25 47 100
 25 56 96
 25 59 97
 25 60 98
 25 61 103
 25 66 103
 25 71 100
 25 76 95
 25 79 90
 26 32 103
 26 35 102
 26 37 102
 26 41 99
 26 42 98
 26 43 94
 26 47 95
 26 67 96
 26 68 103
 26 69 105
 26 74 103
 27 29 101
 27 30 103
 27 34 99
 27 40 99
 27 41 93
 27 45 99
 27 50 93
 27 57 96
 27 58 97
 27 61 103
 27 62 100
 27 63 89
 27 79 96
 27 80 94
 28 32 102
 28 47 100
 28 50 99
 28 60 98
 28 63 100
 28 68 111
 28 69 98
 28 71 106
 28 73 100
 28 76 99
 28 79 93
 29 30 106
 29 32 102
 29 38 107
 29 41 101
 29 44 98
 29 46 106
 29 48 99
 29 50 99
 29 57 98
 29 61 98
 29 62 102
 29 73 98
 29 74 108
 29 77 99
 29 79 98
 30 35 94
 30 40 104
 30 41 93
 30 48 91
 30 61 106
 30 79 99
 30 80 100
 31 35 101
 31 40 99
 31 51 104
 31 53 92
 31 60 96
 31 61 101
 31 65 98
 31 71 101
 31 74 104
 31 77 99
 32 34 100
 32 36 102
 32 45 99
 32 49 100
 32 50 92
 32 52 100
 32 55 105
 32 61 94
 32 62 110
 32 69 105
 32 71 104
 32 73 107
 33 48 94
 33 55 100
 33 57 93
 33 63 110
 33 65 93
 33 69 98
 33 78 106
 34 36 102
 34 38 96
 34 55 103
 34 67 90
 34 70 103
 35 38 103
 35 43 95
 35 49 99
 35 50 96
 35 63 105
 35 64 99
 35 74 98
 35 75 108
 35 78 108
 35 79 95
 35 80 100
 36 39 104
 36 40 97
 36 46 101
 36 47 111
 36 50 97
 36 51 102
 36 57 97
 36 69 100
 36 70 105
 36 78 89
 36 79 100
 37 40 99
 37 44 101
 37 49 91
 37 53 100
 37 54 95
 37 57 101
 37 60 98
 37 62 106
 37 68 106
 37 75 101
 38 42 100
 38 44 108
 38 50 103
 38 60 93
 38 79 98
 39 42 101
 39 43 98
 39 44 101
 39 46 104
 39 52 97
 39 62 92
 39 64 102
 39 65 89
 39 77 95
 40 44 108
 40 47 100
 40 54 103
 40 64 103
 40 67 98
 40 68 100
 40 72 101
 40 76 99
 40 78 95
 41 53 102
 41 57 97
 41 66 93
 41 71 98
 41 73 95
 41 78 100
 42 44 99
 42 57 108
 42 69 101
 43 48 99
 43 55 103
 43 59 95
 43 67 102
 43 70 93
 43 78 105
 45 55 102
 45 67 99
 45 68 100
 45 69 90
 45 71 103
 45 80 102
 46 48 98
 46 65 93
 46 67 100
 46 70 102
 46 71 96
 46 79 97
 46 80 107
 47 55 99
 47 56 102
 47 57 93
 47 59 98
 47 62 91
 47 64 95
 47 65 94
 47 67 93
 47 68 112
 48 49 107
 48 52 104
 48 65 94
 48 72 100
 49 51 102
 49 52 104
 49 53 97
 49 54 100
 49 66 97
 49 67 96
 49 71 93
 49 72 98
 49 73 101
 49 77 100
 50 54 101
 50 62 96
 50 63 102
 50 70 106
 51 56 102
 51 59 101
 51 64 109
 51 69 106
 51 70 94
 51 77 99
 52 53 99
 52 71 104
 52 79 101
 53 61 100
 53 63 93
 54 67 103
 54 75 102
 55 57 101
 55 58 96
 55 71 96
 55 77 99
 55 80 101
 56 57 94
 56 63 98
 56 67 98
 56 68 102
 56 70 105
 56 75 105
 56 78 108
 56 79 98
 57 70 100
 57 76 98
 57 79 97
 58 60 107
 58 62 97
 58 66 99
 59 79 104
 60 68 100
 60 78 103
 61 62 98
 61 79 101
 62 65 92
 62 67 109
 62 71 92
 63 65 100
 63 70 93
 63 73 96
 63 75 100
 64 73 105
 65 68 98
 65 73 99
 66 78 96
 66 80 101
 67 77 96
 67 79 99
 69 73 94
 69 74 91
 69 77 108
 69 78 105
 69 79 107
 71 73 98
 71 75 103
 72 73 99
 72 75 104
 72 76 98
 73 74 99
 73 75 95
 74 78 91
 75 79 105
 78 79 100
 78 80 103
	20
	1 2 3 4 5 6 7 8 9 10 11 12 13 14 15 16 17 18 19 20
